1000
1 449
14 474 150 709 467 329 936 440 700 117 258 811 952 491 993
2 823 431
11 590 899 153 292 370 404 698 699 876 442 705
11 527 868 893 642 273 18 885 675 788 291 303
13 660 126 704 225 862 522 617 630 725 17 847 715 732
9 778 304 32 168 841 288 76 31 934
4 626 419 782 875
9 346 335 992 70 369 545 610 611 60
14 738 829 962 369 918 282 928 407 602 312 532 517 102 80
9 525 829 84 635 629 682 921 964 304
13 364 16 717 898 53 264 824 751 558 92 496 963 277
1 618
15 743 632 559 27 40 323 149 925 703 953 427 76 161 990 326
17 275 726 373 931 901 177 749 197 570 416 922 479 17 397 139 900 559
2 654 393
19 597 517 527 477 568 37 599 326 281 806 365 9 592 998 321 176 649 460 273
14 53 998 392 911 894 785 109 467 725 879 624 461 790 419
10 611 791 505 295 609 917 434 580 244 503
16 776 273 218 998 839 577 975 670 192 465 90 329 493 586 285 494
8 175 445 612 560 777 784 266 570
18 982 130 452 599 520 280 32 155 172 628 951 185 796 866 137 500 186 632
12 35 308 624 336 882 857 405 840 122 821 415 860
18 312 633 11 694 554 448 865 365 70 702 598 508 983 843 844 674 388 780
15 407 998 575 158 275 61 395 589 734 823 902 165 152 696 172
16 298 366 664 404 545 431 533 434 503 115 42 697 750 123 411 263
16 671 517 527 420 847 937 193 172 294 396 258 89 464 266 443 709
14 690 285 651 781 251 309 331 154 33 912 798 831 925 729
1 539
6 955 481 140 173 202 122
1 530
10 162 456 32 638 266 413 236 4 128 481
5 629 173 305 470 995
8 4 769 896 941 384 192 622 451
14 305 799 849 348 139 822 42 480 269 511 169 756 238 762
8 175 972 99 472 184 620 798 95
7 623 542 923 12 943 48 167
3 405 488 566
5 18 484 142 205 255
4 893 168 352 391
14 256 141 235 803 692 735 878 663 278 538 140 681 693 603
19 123 550 673 636 276 354 444 674 571 828 459 17 436 98 129 798 69 29 925
10 753 138 295 567 197 31 736 157 104 875
6 536 484 548 460 623 602
9 897 398 492 896 948 123 572 734 248
15 493 263 252 196 108 25 306 983 741 405 522 132 499 761 910
8 742 936 831 644 816 870 696 940
18 357 995 466 199 32 433 301 748 338 322 471 103 92 873 782 828 446 406
13 357 386 534 80 676 823 324 66 321 805 471 536 193
6 348 518 344 308 248 846
1 884
2 588 102
17 678 574 17 399 105 205 561 553 924 274 826 41 946 581 705 648 956
17 355 510 961 605 481 911 624 57 826 671 926 221 120 731 505 719 155
19 808 218 853 625 903 190 752 827 381 257 679 181 722 636 508 551 992 166 680
2 538 866
0
13 625 836 831 129 451 584 847 404 646 751 425 268 661
0
13 875 52 806 610 16 918 84 665 156 808 20 462 657
10 478 587 965 130 334 295 633 714 22 247
15 751 181 598 239 169 475 826 752 588 263 992 532 527 536 596
7 512 103 209 786 145 581 71
15 675 205 969 799 596 369 744 668 402 1000 80 65 768 483 946
7 824 572 503 200 641 701 361
10 149 462 222 152 517 612 893 584 698 787
12 750 180 971 538 303 411 77 236 571 635 969 847
13 64 524 684 529 660 768 247 511 972 261 929 863 522
5 483 290 843 592 295
12 448 125 62 542 734 872 86 409 524 589 943 1
5 28 522 322 86 941
17 387 437 44 677 587 331 608 28 200 757 925 868 132 690 942 831 409
0
8 40 532 763 17 194 170 31 844
9 213 733 904 356 225 742 940 941 295
6 386 4 335 971 527 487
4 506 947 319 67
13 126 165 927 47 406 592 147 405 372 699 606 783 356
13 549 20 722 112 784 989 248 646 913 808 462 354 995
11 212 824 611 9 605 182 671 649 657 613 883
13 395 439 995 255 211 449 287 618 277 242 148 113 305
13 82 4 171 59 297 842 26 131 330 249 892 673 614
9 888 558 461 924 281 640 644 218 397
3 828 350 875
19 990 597 948 974 924 772 478 380 653 288 692 584 710 933 18 404 430 228 496
1 956
13 514 244 913 841 58 686 958 238 102 199 531 808 312
19 182 259 54 953 69 690 460 750 372 786 926 535 97 678 93 873 50 788 954
12 927 661 87 999 929 775 722 342 28 159 754 193
11 884 953 70 322 845 127 281 136 805 667 614
10 596 306 689 682 50 106 237 641 527 653
4 392 397 818 810
16 699 638 58 654 945 339 681 15 651 707 280 395 885 844 107 918
5 731 395 504 802 256
18 597 876 283 458 11 115 604 90 783 80 533 278 272 967 123 53 320 694
8 484 699 126 84 423 951 698 675
15 51 244 472 220 397 891 856 642 466 458 175 455 607 146 10
6 374 24 922 637 429 596
7 94 803 263 586 271 779 334
8 869 540 287 571 754 558 314 379
18 878 803 838 790 206 445 909 658 229 496 930 531 132 137 654 655 792 339
14 382 123 706 920 167 550 630 636 60 491 510 475 600 508
14 558 905 455 538 934 147 494 537 452 330 892 322 319 903
10 718 320 319 277 381 629 684 136 560 930
15 503 324 995 321 621 636 961 583 538 262 78 143 355 624 186
16 803 368 565 243 626 145 801 943 579 940 269 411 560 802 578 200
10 614 607 53 157 877 58 496 270 676 564
9 148 141 951 331 5 242 407 482 412
14 771 880 529 178 366 480 759 874 363 888 227 456 474 966
1 96
7 556 780 580 165 567 943 327
14 479 11 661 416 415 907 753 962 384 411 206 748 408 199
6 315 958 940 780 158 682
7 675 766 504 526 944 444 16
3 196 302 374
3 922 711 965
18 762 211 80 150 833 471 917 320 480 658 954 632 527 662 646 37 970 164
3 812 720 397
11 687 595 685 16 397 540 499 178 208 213 417
13 479 842 103 109 627 121 181 453 854 681 438 247 696
13 616 447 952 808 877 414 172 864 745 702 350 380 574
3 235 15 147
15 149 325 30 279 154 47 919 478 669 496 646 256 206 851 758
6 740 602 468 121 416 836
18 500 853 841 928 880 248 728 586 580 430 659 37 724 787 258 470 416 359
15 579 385 826 352 317 22 920 463 421 817 760 734 791 588 871
2 321 323
9 213 773 602 243 636 415 526 201 261
17 220 622 994 815 189 84 793 618 514 832 450 605 862 173 835 981 672
19 763 556 919 512 337 474 899 503 475 533 485 187 224 987 559 819 839 466 783
9 509 787 763 379 197 536 557 953 941
17 73 173 619 476 813 245 771 576 565 148 398 463 159 446 912 63 370
8 940 198 471 485 355 575 182 62
2 599 733
16 878 132 667 703 913 427 739 950 807 860 386 445 595 894 597 116
0
18 5 373 552 233 514 990 662 241 864 224 520 727 93 592 78 289 907 663
18 566 33 550 738 994 706 57 993 676 652 726 879 773 90 595 166 232 900
14 158 50 180 968 914 742 646 976 142 430 546 491 615 887
14 776 454 890 138 663 82 806 923 831 620 26 236 543 478
6 134 939 160 386 150 81
5 38 511 252 566 57
18 126 607 916 443 170 946 476 726 143 330 852 192 265 981 405 888 351 494
2 779 624
11 185 699 473 315 532 320 428 184 637 254 734
9 392 639 478 452 26 585 856 224 766
8 491 851 409 53 443 183 84 744
1 279
1 996
15 932 97 300 126 365 773 830 974 62 244 916 625 642 860 145
12 743 652 907 653 444 787 937 185 835 337 711 563
1 222
13 246 549 329 180 283 697 92 625 448 165 527 972 110
16 377 239 864 655 797 340 2 986 311 142 416 649 282 189 552 932
6 144 148 393 681 990 671
9 774 79 967 958 950 596 11 610 681
8 889 903 85 90 366 184 774 472
19 408 690 253 798 388 79 318 577 330 260 379 431 163 493 356 810 46 405 145
11 258 689 866 337 280 587 665 406 761 994 394
0
2 520 8
8 348 276 616 178 80 568 977 751
13 209 492 465 418 650 743 82 69 76 512 191 961 760
12 98 653 340 571 53 64 854 390 700 948 248 189
19 740 23 500 921 756 643 247 627 909 93 341 863 713 809 655 968 437 720 67
8 546 147 597 815 898 430 368 541
5 941 59 835 787 171
8 70 335 64 49 462 733 538 454
13 78 872 312 61 377 707 933 646 137 565 469 151 287
16 209 8 991 118 444 744 18 742 21 905 488 239 993 341 694 705
10 277 332 747 166 874 298 618 958 175 76
11 643 673 649 745 9 998 972 35 227 63 409
14 686 232 32 222 632 846 765 440 991 26 593 466 302 273
3 534 672 967
8 686 242 928 192 442 163 566 932
18 755 1 249 115 464 169 4 86 923 760 978 776 938 947 991 796 543 667
14 639 456 986 542 584 204 830 365 555 7 235 773 709 477
4 570 203 186 669
11 343 272 341 714 562 404 422 592 495 725 7
12 122 993 47 390 730 264 863 607 642 819 675 221
18 144 268 308 131 580 619 203 58 703 950 328 704 195 574 101 828 983 416
5 608 745 469 311 942
15 683 177 609 201 907 711 450 889 345 283 852 728 552 25 579
4 68 354 105 735
12 660 767 267 265 647 806 101 94 725 10 87 557
17 77 536 773 44 880 785 429 134 576 861 902 163 46 711 764 456 11
11 321 274 952 49 588 177 772 459 236 879 50
3 671 878 979
16 461 694 133 436 985 62 616 486 594 964 811 707 815 804 569 375
18 880 22 917 810 229 342 700 699 482 116 677 338 876 613 395 389 794 659
2 927 97
10 858 371 234 162 679 861 661 702 163 544
0
18 570 804 217 458 393 841 176 532 50 526 472 588 90 999 209 172 18 30
10 628 449 942 448 396 520 933 793 968 546
11 464 36 561 777 385 897 443 307 266 766 354
13 774 618 546 282 937 66 582 255 308 893 480 93 746
13 712 247 592 972 308 620 235 28 350 649 479 277 651
10 993 553 418 879 129 991 349 726 172 676
8 158 38 326 918 846 462 329 376
13 950 685 41 360 53 477 453 671 74 58 149 526 521
14 130 727 242 834 36 104 41 337 533 745 452 702 741 504
9 384 488 96 325 654 25 30 508 57
3 809 841 5
0
11 483 646 552 462 589 847 159 215 601 326 772
19 604 841 881 661 884 234 401 751 3 264 816 674 860 914 686 891 685 256 738
5 379 926 594 65 1
10 15 613 575 129 612 153 845 401 283 403
1 472
10 151 40 211 453 623 824 606 10 870 608
14 981 754 171 444 282 643 285 977 120 405 882 701 634 675
6 879 638 637 227 366 619
5 582 824 192 496 256
10 40 413 175 551 761 268 283 972 492 955
18 690 530 459 106 205 533 810 435 611 384 757 71 923 471 584 548 475 568
1 739
18 663 518 455 534 893 355 744 747 745 418 223 36 726 399 31 383 246 774
13 921 107 86 687 183 681 644 595 491 989 233 876 636
9 901 669 845 573 424 411 575 103 442
11 136 839 430 376 944 806 382 688 837 923 278
3 666 762 645
8 437 917 781 795 74 422 720 603
19 458 188 506 153 572 849 782 872 436 40 815 355 958 26 64 501 36 386 834
10 662 370 613 957 634 88 179 63 64 367
10 668 751 370 100 477 253 832 398 562 869
12 855 414 640 869 472 873 901 244 229 40 758 816
15 518 915 749 109 224 653 323 318 981 735 301 969 583 336 70
0
15 113 265 824 700 560 708 24 994 896 155 716 684 520 19 936
3 201 91 839
18 809 643 391 182 626 258 675 841 40 760 478 227 871 539 579 184 254 119
14 400 69 364 149 716 451 922 117 703 395 653 676 554 718
1 673
1 834
2 430 70
4 993 122 498 980
4 942 229 821 51
3 651 667 119
17 18 883 239 622 909 64 912 841 711 598 524 943 732 700 439 88 217
9 436 222 787 208 314 262 115 863 23
10 856 597 79 898 864 917 58 371 1 179
5 403 750 762 392 667
4 704 776 825 881
1 67
14 165 522 981 64 987 606 394 575 355 230 640 90 915 481
8 360 93 436 588 809 304 288 970
19 554 783 628 457 788 774 232 46 996 817 552 987 434 782 629 984 305 74 933
16 491 804 691 742 527 666 790 359 132 824 243 139 589 339 569 186
13 50 587 929 395 656 732 988 383 948 235 720 357 98
7 1000 567 941 78 475 934 426
10 997 382 841 39 86 464 377 644 530 366
6 624 260 507 532 751 464
3 697 90 865
11 936 364 548 506 453 384 472 496 412 363 248
9 579 20 356 466 160 634 918 503 509
9 489 760 870 727 606 463 714 646 514
3 152 536 681
11 258 361 656 625 42 289 23 344 375 427 151
6 822 733 893 606 732 246
16 77 290 304 40 984 453 192 713 823 979 448 234 917 780 602 699
3 345 289 610
17 333 600 157 766 956 135 848 679 634 752 988 200 79 544 451 373 933
17 786 361 374 264 423 129 532 538 490 934 865 288 145 429 118 458 70
6 824 980 293 585 276 574
12 96 455 975 430 303 470 352 274 392 165 93 315
14 594 440 931 846 21 422 882 960 964 492 543 810 342 380
2 225 140
1 552
10 865 684 158 474 214 732 232 644 45 89
12 284 625 404 53 164 560 718 508 662 296 765 364
18 570 583 485 612 715 380 584 700 893 241 922 595 91 458 694 294 375 837
18 810 569 776 820 840 248 134 282 42 307 146 225 461 418 549 219 392 666
6 21 659 268 304 229 838
8 974 140 474 872 968 896 880 532
9 753 523 773 259 615 496 533 315 108
13 117 246 591 826 672 450 929 122 83 925 169 510 91
11 693 796 469 271 217 503 613 689 357 623 804
6 713 822 174 541 114 366
12 948 200 515 781 181 697 699 4 895 687 645 177
15 745 367 920 880 47 747 598 489 947 231 126 619 212 861 112
17 794 338 132 85 372 552 455 151 925 414 826 274 534 608 905 1 181
11 743 854 241 290 300 765 502 433 970 545 647
10 445 366 617 627 926 22 979 806 234 538
5 784 302 255 27 701
7 440 525 234 527 150 445 155
1 280
19 309 25 299 75 974 31 11 52 727 782 604 830 441 377 676 911 656 362 616
9 87 826 605 955 551 666 672 550 810
2 92 269
3 870 419 293
13 933 371 172 504 886 394 980 658 755 199 593 804 229
5 957 5 749 704 233
5 661 449 113 819 833
5 874 958 971 617 872
8 263 14 240 881 862 974 878 294
15 843 439 498 130 335 759 205 992 142 596 914 994 872 3 569
10 147 211 248 905 901 186 429 182 197 687
4 219 74 405 211
14 579 859 619 984 135 654 573 520 219 828 741 569 928 645
3 14 294 796
5 122 574 996 589 776
6 340 610 305 698 324 285
3 290 594 439
16 331 65 62 839 16 491 899 264 432 332 821 842 990 870 323 410
14 865 460 426 224 637 641 502 185 808 912 687 378 582 986
7 165 636 54 31 107 522 856
0
7 589 665 268 112 710 383 940
13 629 983 899 4 959 738 848 870 418 644 600 329 24
7 325 826 45 901 228 554 860
5 294 34 717 266 748
19 972 148 712 821 76 184 420 890 861 271 412 868 200 325 918 97 767 739 615
16 251 710 223 891 616 198 567 156 974 449 136 998 690 491 27 838
17 788 355 647 218 266 892 662 887 558 225 583 238 222 125 395 424 145
7 120 962 372 242 642 893 857
14 85 484 941 785 292 864 792 989 288 876 485 45 548 761
14 153 45 189 839 817 223 892 239 457 502 124 65 233 225
0
6 252 356 415 243 153 638
2 220 98
3 906 688 179
16 315 339 917 111 519 95 825 581 393 506 788 637 855 817 719 734
5 564 945 684 490 766
7 616 187 328 894 221 555 92
6 449 687 971 390 477 748
10 745 382 115 62 269 939 89 102 517 665
16 259 548 963 660 76 620 750 367 732 973 435 677 57 899 710 303
11 93 827 269 921 533 55 814 890 732 564 9
6 94 748 616 958 921 537
0
5 103 48 416 715 667
11 43 772 208 399 676 933 753 695 929 930 452
16 839 481 317 185 672 21 985 879 365 657 130 360 120 459 529 460
13 986 727 289 456 190 997 279 940 772 995 698 446 304
17 475 487 762 584 580 664 971 336 113 120 28 833 660 846 960 709 947
8 639 705 425 673 467 669 840 555
16 673 633 75 998 797 815 821 662 605 872 659 772 124 526 514 850
6 599 732 57 334 682 958
4 765 498 794 51
13 462 449 64 136 91 27 378 811 731 316 904 2 927
17 478 207 347 593 262 897 985 426 83 592 707 988 826 804 323 325 414
15 712 7 501 761 48 784 477 122 606 911 835 436 227 180 185
12 483 157 5 38 634 603 989 701 697 869 888 814
10 81 25 908 280 520 646 343 704 15 411
13 948 941 834 755 266 174 576 275 297 101 643 997 720
8 527 225 521 969 716 440 369 719
8 909 198 690 516 338 410 24 250
4 460 745 125 668
5 496 79 233 82 258
17 656 185 662 141 166 982 803 828 986 909 262 964 706 226 218 451 383
19 423 76 876 306 340 582 274 759 797 873 269 671 161 350 538 32 288 134 545
0
0
3 835 43 645
19 789 281 435 979 586 398 984 262 523 948 660 595 691 358 614 323 330 589 480
14 111 337 435 441 875 476 794 198 82 237 17 45 504 467
19 14 726 770 282 372 134 792 460 304 584 508 241 831 239 260 360 11 9 181
19 478 565 705 54 687 622 589 494 517 396 362 51 872 138 297 947 40 774 197
2 423 414
8 778 807 349 410 864 636 955 157
17 613 238 740 985 952 233 846 948 499 960 566 136 208 305 281 865 2
5 16 287 610 452 175
11 253 677 197 14 942 610 47 474 156 471 659
15 14 615 760 40 143 998 139 870 318 124 163 630 320 395 322
5 942 322 791 784 312
12 828 881 207 759 687 536 275 782 839 333 307 26
1 757
4 721 532 44 54
6 935 559 780 596 153 47
16 382 416 88 605 444 963 593 188 11 738 589 881 260 633 142 403
5 867 842 672 803 380
12 169 822 163 804 107 747 669 595 590 244 130 842
11 290 935 806 893 525 445 617 200 404 262 951
11 913 688 503 124 560 242 135 460 749 502 916
5 372 152 941 527 270
2 450 171
4 260 683 168 205
6 271 672 825 604 48 415
5 145 348 425 895 66
8 295 585 566 175 496 644 71 658
2 833 990
19 898 116 319 4 968 908 914 930 466 721 189 556 204 838 139 652 875 87 190
19 681 826 51 999 104 580 757 882 108 522 142 461 703 129 144 325 287 767 481
5 696 199 940 625 341
13 65 679 716 536 608 953 930 242 885 259 476 846 723
12 144 675 400 68 227 463 956 230 494 930 641 976
18 953 432 237 594 54 606 37 192 753 970 821 664 562 281 502 902 691 874
7 935 378 220 678 789 554 832
3 526 227 485
4 692 317 637 141
10 240 465 854 490 627 315 188 142 255 475
2 674 8
10 286 242 462 291 824 176 483 509 75 163
18 865 830 778 215 175 448 315 240 843 863 2 164 810 417 666 72 994 963
16 280 39 252 202 978 117 764 652 917 378 5 24 425 714 357 353
0
13 767 786 373 754 522 327 959 69 698 905 716 853 184
16 628 83 738 521 251 961 630 681 900 219 766 38 259 194 465 360
11 966 540 109 179 238 696 536 508 570 255 368
0
14 340 69 291 368 937 480 562 842 11 674 124 469 758 765
16 225 252 683 81 947 506 519 472 563 438 172 429 179 614 346 84
5 890 320 359 812 133
12 733 335 698 513 600 220 156 76 305 810 485 413
5 986 968 818 284 549
2 454 658
10 124 26 686 502 699 425 35 662 649 760
1 243
11 549 512 956 963 152 140 177 655 847 431 924
18 387 398 303 516 339 304 56 438 171 925 71 562 386 432 147 100 575 494
13 404 343 836 282 474 809 199 848 862 489 120 786 554
5 340 429 90 254 63
19 503 588 710 535 470 739 249 563 935 344 876 802 860 661 988 259 291 433 27
1 458
9 456 725 571 48 384 813 243 303 9
11 567 717 963 47 81 166 33 181 632 278 697
3 225 474 230
0
10 459 391 490 670 836 809 547 546 96 23
16 688 329 69 165 441 309 351 53 984 85 979 343 237 695 720 366
5 229 150 436 787 217
19 878 714 112 929 716 70 59 763 560 803 114 811 128 501 217 25 283 431 123
16 104 357 751 192 447 272 577 507 969 685 86 169 343 412 271 681
4 503 513 589 816
17 178 389 826 154 606 885 492 405 641 431 646 368 645 841 945 837 110
15 966 592 281 380 46 313 912 45 631 32 607 500 117 415 983
12 42 373 8 574 192 757 411 635 538 741 743 406
4 551 424 818 968
2 121 718
13 898 778 852 48 144 65 980 469 591 195 368 15 694
11 957 919 63 947 183 8 242 922 846 122 786
3 69 905 277
13 950 292 310 880 575 363 624 717 725 426 262 221 447
14 950 324 437 494 305 493 315 410 675 166 661 121 642 951
7 570 459 625 589 950 628 172
11 520 820 228 713 509 932 142 720 596 273 705
0
6 390 975 442 544 670 562
18 644 86 857 333 940 988 593 838 610 594 815 716 118 115 577 136 321 832
4 710 893 362 767
2 73 692
12 295 73 155 36 383 275 552 930 596 117 207 553
11 757 413 438 126 415 721 109 203 694 591 149
15 58 210 443 452 574 450 2 518 318 94 560 702 623 134 63
18 391 27 491 883 425 955 616 237 55 145 744 335 745 38 492 451 548 111
1 578
10 164 225 600 988 279 737 423 316 391 562
10 644 126 969 614 144 756 658 566 548 198
8 234 146 402 244 293 734 452 164
2 569 203
15 884 710 62 746 932 538 753 733 757 209 541 913 86 263 813
19 807 379 250 875 817 799 636 314 301 852 595 7 410 434 868 963 355 977 306
9 945 436 373 355 332 19 75 564 239
19 995 284 238 101 973 141 484 153 567 556 573 850 52 123 994 25 184 924 851
7 489 53 338 239 883 425 716
7 263 551 18 425 786 989 719
18 790 913 156 10 291 56 745 579 377 134 349 50 256 320 763 864 376 267
6 401 244 703 12 278 400
18 935 101 929 362 359 599 140 735 837 920 582 79 2 489 739 846 906 90
16 361 540 714 579 898 471 715 838 417 598 844 259 14 747 214 587
7 71 397 147 591 922 444 900
6 743 666 14 209 279 327
10 152 172 682 979 612 944 158 267 467 494
1 171
5 653 151 44 789 768
1 813
0
12 663 717 421 949 550 58 999 279 248 707 255 424
10 522 278 347 543 68 173 819 570 109 343
11 590 228 541 349 504 714 33 322 451 971 521
16 622 995 740 211 581 610 926 124 734 508 290 550 95 349 232 712
1 418
3 382 715 2
15 717 164 472 689 364 724 313 754 713 237 464 48 827 20 741
5 111 978 457 346 116
8 286 661 696 913 573 68 576 857
10 387 987 46 247 64 663 894 86 859 636
6 420 349 581 964 820 850
12 924 439 640 51 766 235 99 25 656 224 658 132
5 117 869 749 36 420
16 757 997 837 911 294 59 623 812 153 552 129 70 10 880 574 318
16 289 405 849 517 693 507 611 829 759 764 713 685 65 55 484 853
19 960 168 153 791 845 359 421 135 806 402 757 195 935 553 245 949 380 598 21
8 37 526 374 482 619 26 512 168
10 606 145 32 968 280 714 413 472 926 269
13 12 423 589 134 7 837 61 598 957 689 892 915 232
6 91 755 780 980 485 839
15 173 130 752 757 569 921 198 387 876 454 695 936 305 827 212
9 403 682 139 129 763 36 249 375 712
4 358 63 195 197
18 198 730 227 53 559 82 614 817 364 677 188 547 120 263 40 12 528 203
0
15 36 519 649 899 92 48 757 995 424 772 594 725 884 10 450
14 773 916 163 838 949 928 914 512 645 457 938 332 566 368
8 767 195 268 452 675 812 854 432
6 264 150 332 129 432 611
13 542 875 821 814 242 184 632 14 359 770 607 64 981
3 755 377 324
8 150 476 196 717 697 22 886 644
12 847 415 640 117 444 315 259 58 384 962 398 723
0
6 619 472 807 984 156 885
1 148
12 867 329 766 281 138 620 112 809 96 945 615 593
4 506 779 187 244
12 203 471 328 819 376 234 369 124 646 83 682 732
12 293 889 985 439 264 876 787 994 335 569 268 508
11 145 956 778 364 765 22 660 250 243 854 597
15 448 81 490 968 797 523 9 52 782 729 280 921 67 293 198
16 121 38 624 806 435 483 742 358 832 189 240 660 724 514 805 685
11 316 782 713 279 253 966 476 143 950 100 527
10 849 984 701 482 47 235 820 376 931 12
1 430
7 130 123 634 215 16 824 380
8 540 193 111 162 235 482 135 345
14 647 451 637 720 764 678 456 100 826 150 403 513 616 371
3 998 81 355
0
7 131 23 575 527 360 471 164
18 175 955 982 813 397 85 578 893 636 506 473 459 20 931 949 814 28 27
5 730 268 142 950 665
8 897 806 458 130 674 440 815 992
10 237 6 595 527 267 367 170 856 938 563
19 232 291 69 555 75 352 223 171 447 440 566 214 906 731 857 239 289 318 229
1 996
12 48 403 795 772 388 875 648 735 881 250 827 689
4 514 484 945 124
3 650 682 934
10 992 918 934 179 492 393 634 185 161 836
15 212 634 633 785 383 106 854 160 798 621 279 492 139 525 533
11 730 534 920 418 207 186 512 176 922 201 134
17 307 392 174 703 660 331 768 516 545 122 364 241 716 732 73 793 33
13 937 745 137 317 963 27 760 24 165 145 957 683 569
9 731 274 842 744 84 927 218 47 945
8 631 147 129 495 492 142 791 81
5 577 788 248 16 411
12 727 46 663 403 349 881 33 157 193 88 99 788
17 825 998 875 303 615 288 487 645 811 606 363 946 488 472 827 348 952
16 641 168 582 543 7 84 940 456 196 72 173 592 605 315 580 354
2 970 423
19 35 176 635 628 376 322 102 917 288 850 647 568 175 145 680 314 746 498 208
2 639 777
14 165 645 866 10 905 174 670 55 746 845 542 231 421 211
1 158
18 537 329 242 445 825 435 585 344 928 489 238 400 229 946 745 583 394 707
16 93 322 564 990 256 361 314 499 734 627 493 453 813 100 701 178
13 281 77 562 967 587 190 220 852 698 831 320 272 756
2 267 353
12 825 206 610 740 209 266 791 188 317 502 474 367
11 116 965 702 58 49 375 266 372 92 648 181
5 491 580 871 490 413
16 742 306 805 491 965 518 581 46 393 845 877 449 24 502 726 246
2 626 67
15 599 846 69 651 536 114 444 509 235 353 714 118 921 595 468
12 524 105 31 38 403 710 527 805 854 691 897 343
12 709 492 138 250 795 319 277 760 316 160 926 119
19 802 334 637 959 52 140 530 942 895 532 107 551 50 997 403 555 998 552 439
9 895 453 975 20 907 573 632 791 876
13 11 582 774 776 397 2 967 332 568 989 579 1000 684
17 137 256 469 9 245 820 424 536 505 716 837 264 569 879 339 537 597
16 180 981 681 386 609 169 640 103 84 727 832 422 79 465 620 589
6 140 937 475 270 913 457
14 442 777 332 812 924 473 278 232 734 258 98 340 810 650
3 300 229 869
19 761 557 666 203 966 777 232 911 611 905 244 478 194 199 951 582 927 41 699
12 363 597 461 972 882 657 702 241 688 425 596 264
4 642 24 16 698
16 889 354 587 210 958 489 790 541 522 234 657 510 827 751 673 136
9 908 840 317 273 182 168 950 53 697
11 712 744 159 459 153 705 872 836 750 226 273
16 591 46 137 176 587 123 480 47 200 533 711 44 71 701 653 214
14 675 468 787 314 419 505 554 652 357 467 261 258 83 119
4 216 569 67 598
4 510 468 153 386
4 587 3 52 982
13 141 508 386 926 766 850 564 16 332 933 223 76 239
5 219 142 441 299 424
18 978 726 829 428 555 37 848 468 166 763 559 836 509 400 876 529 568 820
7 515 549 26 567 352 587 978
4 390 939 441 724
12 817 49 907 597 716 692 421 248 916 821 86 556
5 484 527 575 363 482
8 866 335 717 2 389 189 94 943
7 510 265 396 781 309 528 216
12 258 428 711 377 163 114 804 603 437 102 549 668
2 236 640
0
8 272 847 346 267 224 444 39 76
5 991 409 769 546 499
19 723 71 795 418 168 466 636 647 21 333 278 455 745 690 990 440 152 954 760
4 395 621 367 815
17 440 412 935 83 506 932 365 911 132 271 164 616 73 933 831 217 451
3 695 574 11
5 56 312 334 834 736
16 587 320 631 404 23 241 579 733 252 170 108 672 462 457 238 697
6 14 796 82 266 30 653
6 727 72 606 391 91 183
3 933 540 428
12 661 859 155 902 943 764 514 143 511 88 219 385
17 684 80 863 545 116 352 106 720 656 312 257 220 565 798 895 227 583
12 179 612 240 813 506 333 778 1 964 336 682 656
0
8 363 721 981 532 294 111 967 345
3 489 532 842
14 680 270 685 598 778 5 443 528 717 654 330 179 3 424
0
16 275 83 849 729 545 522 239 444 628 475 48 560 877 856 535 129
0
0
6 599 39 416 911 466 135
13 748 40 366 518 908 300 52 194 165 559 256 383 426
5 981 583 311 260 755
19 17 52 369 34 924 548 255 712 770 503 175 556 84 996 641 156 725 668 444
13 620 399 522 479 150 517 97 955 440 92 359 688 468
3 290 180 798
4 998 745 708 291
14 580 399 515 803 275 90 627 488 652 323 572 494 541 196
14 551 850 515 213 463 596 730 873 884 727 952 72 261 860
3 694 494 463
18 174 103 96 580 964 340 458 948 508 71 321 280 660 969 185 442 86 796
5 313 543 494 825 442
4 317 956 895 513
10 244 88 123 277 337 904 874 328 871 730
0
8 600 253 291 684 326 424 813 568
16 189 828 846 220 892 131 186 423 171 552 526 558 342 86 805 763
1 574
5 412 841 571 646 428
4 818 706 496 4
19 936 997 998 512 108 749 49 368 207 524 29 217 693 924 156 651 379 731 353
18 734 622 25 763 283 48 19 403 735 195 441 393 992 37 797 243 547 968
9 112 9 294 427 754 124 918 736 527
3 843 409 859
15 963 550 564 622 555 492 587 157 150 414 603 681 813 703 312
19 124 590 150 26 488 375 840 923 705 802 627 239 327 277 36 283 396 37 346
7 258 26 101 166 292 378 362
19 487 609 697 48 36 933 960 801 46 505 28 763 966 421 154 817 716 276 168
13 687 695 51 461 852 815 848 41 618 111 422 143 433
8 877 271 768 838 574 184 521 299
4 616 332 121 607
4 331 197 818 5
1 214
4 571 801 342 344
19 64 356 911 142 463 23 323 694 16 668 137 664 99 296 496 513 797 548 723
12 804 217 222 137 974 634 842 937 820 583 871 190
11 975 648 175 579 885 413 601 692 637 202 990
19 557 86 256 468 863 324 77 413 991 19 533 816 802 219 277 365 823 345 608
12 907 788 227 425 77 686 497 732 586 169 90 817
7 42 17 541 990 30 246 522
5 932 954 46 437 496
0
8 206 926 588 669 853 151 284 289
19 775 459 822 112 633 692 627 59 596 543 899 138 127 744 814 602 238 991 546
4 135 83 330 658
13 799 227 7 309 979 83 138 393 368 117 399 435 16
10 965 339 571 629 145 452 523 553 189 895
14 928 272 120 561 66 85 756 227 59 1 88 371 823 628
7 550 822 755 807 400 871 854
4 772 638 694 813
4 714 196 535 647
12 80 690 278 415 778 226 236 783 598 638 842 186
4 53 776 963 617
19 891 954 616 812 982 17 461 48 189 46 809 574 927 539 70 955 823 207 267
12 253 787 447 507 100 479 37 212 281 876 429 400
18 402 70 172 339 319 33 476 202 525 549 318 913 853 890 832 284 784 958
9 224 488 969 839 136 663 853 481 569
2 729 703
3 818 475 58
10 118 88 458 547 896 879 228 196 811 962
19 690 71 398 165 188 81 416 326 535 111 437 776 603 657 393 869 558 304 974
3 528 850 308
15 125 172 943 788 448 320 489 50 449 974 184 712 106 393 698
10 983 478 343 208 760 600 689 221 236 709
3 512 18 529
1 332
7 115 908 677 810 664 67 630
11 551 731 512 883 426 582 399 6 895 619 293
12 399 66 443 132 629 496 619 312 817 784 329 717
6 966 773 368 978 210 827
17 670 205 30 628 235 288 389 706 979 334 740 168 8 839 250 487 408
12 536 859 961 684 355 932 247 329 617 944 40 294
15 711 888 275 135 926 523 161 870 21 564 110 922 532 503 659
4 608 208 598 108
2 770 740
5 899 236 418 299 482
8 624 623 564 420 358 563 370 405
11 733 290 63 147 510 68 568 511 232 331 532
10 454 761 739 109 898 671 210 581 670 781
3 382 160 485
14 430 537 442 678 780 194 488 333 919 573 270 427 684 93
12 317 877 761 278 412 125 620 531 535 707 232 61
7 71 30 713 388 276 315 787
11 61 126 761 346 670 133 526 956 89 946 258
6 413 833 642 795 277 460
17 250 797 900 563 310 413 44 320 496 486 573 92 880 802 297 668 551
13 75 632 213 260 223 81 395 735 949 465 19 354 502
3 951 785 792
6 316 428 58 71 776 54
0
11 543 440 579 780 421 380 491 234 917 705 999
13 304 566 123 214 344 442 669 134 988 798 707 493 13
15 827 533 295 700 784 543 290 978 946 944 187 599 941 624 436
1 649
10 645 560 517 205 475 192 193 843 1000 899
3 709 366 792
0
1 143
18 119 113 467 447 416 429 366 518 194 676 267 445 130 950 549 567 824 662
5 553 412 94 385 546
17 984 933 205 73 894 964 363 759 231 129 714 646 315 767 962 965 912
14 839 765 513 906 369 412 396 351 36 766 810 564 664 863
8 458 423 198 813 891 946 880 899
11 674 332 630 422 420 432 703 188 499 449 381
2 413 593
12 198 189 5 924 981 840 650 139 77 958 514 11
6 934 721 228 714 53 277
19 921 581 518 797 283 15 919 795 116 813 681 567 794 122 454 320 630 593 254
18 50 418 707 207 845 909 403 716 441 611 122 668 401 60 817 797 965 483
14 740 864 407 930 729 62 773 71 163 473 374 772 168 88
11 979 659 522 174 787 706 733 669 347 188 969
15 398 947 6 354 241 688 850 909 65 881 585 848 123 569 817
3 505 150 497
1 161
3 138 909 200
13 865 849 745 730 543 777 536 75 43 852 497 648 77
17 227 406 331 884 189 194 931 216 702 117 504 171 401 708 741 277 180
18 505 601 471 796 540 375 240 394 629 760 553 320 575 779 349 663 714 213
11 638 567 608 838 991 912 209 500 600 319 470
0
19 879 260 368 190 544 201 492 974 693 74 681 392 284 248 342 333 736 718 557
17 795 618 193 230 623 878 667 545 534 20 220 983 995 420 444 691 495
5 73 412 767 39 659
12 705 7 890 279 117 326 757 714 4 922 711 622
19 864 144 894 353 251 943 901 292 362 766 790 699 266 692 937 195 794 725 828
11 123 617 563 381 237 632 844 440 592 236 12
13 873 409 518 527 766 485 419 809 31 787 24 840 283
2 750 729
5 661 337 90 276 639
10 959 249 295 333 703 792 112 701 774 361
5 120 683 367 150 580
14 212 211 479 78 630 217 240 131 560 508 605 613 208 615
1 634
6 536 318 535 454 20 904
1 442
14 586 291 276 966 18 145 29 147 590 765 426 969 508 72
17 798 429 72 659 256 171 184 58 263 225 576 209 22 240 954 575 999
1 599
16 860 68 939 156 167 225 90 686 528 753 723 132 719 431 849 462
17 482 695 389 196 22 520 894 263 192 843 168 56 600 63 824 213 98
17 543 402 245 516 802 634 680 96 995 482 632 267 831 544 721 502 10
6 401 269 723 74 11 50
17 301 988 139 623 531 776 431 886 909 914 814 152 84 778 695 850 249
3 827 200 202
9 994 455 724 26 912 982 848 300 479
17 698 846 445 67 804 836 607 145 628 343 394 536 724 875 549 356 424
10 338 717 97 941 4 936 987 623 481 79
13 357 409 608 594 35 768 19 321 419 605 737 394 272
14 198 925 391 792 503 914 557 778 316 887 995 475 954 163
6 920 696 506 257 604 416
0
8 968 513 750 392 77 1000 84 879
11 776 717 676 542 448 233 670 527 594 146 783
16 37 497 597 275 954 265 729 269 408 568 407 796 28 13 768 549
4 647 702 923 929
12 261 626 814 435 647 627 79 611 899 719 650 512
17 819 953 27 137 813 73 898 773 206 679 283 200 899 693 351 812 174
18 965 653 958 421 682 940 88 752 589 464 645 350 389 157 901 79 308 845
18 251 454 887 414 285 347 143 421 93 235 870 151 952 691 918 472 698 331
10 810 244 44 357 914 15 856 346 740 967
10 891 171 876 90 443 807 498 34 491 204
7 140 210 255 353 947 731 986
15 305 517 281 832 963 944 454 340 185 868 882 706 638 587 438
1 967
18 811 785 706 791 467 792 714 231 346 116 85 845 739 41 840 437 230 995
10 779 45 701 108 443 413 490 275 251 669
6 762 786 790 239 738 307
1 764
13 807 780 681 440 446 356 76 528 398 922 437 755 363
0
14 924 836 900 272 471 674 680 798 190 556 121 507 966 303
5 183 79 386 602 775
4 457 844 905 469
15 46 687 772 460 748 632 491 443 657 556 484 113 932 925 528
19 133 461 362 720 28 332 61 520 396 887 254 212 59 613 117 553 101 24 743
9 727 230 968 708 11 605 445 774 940
5 615 122 165 529 96
0
11 348 153 336 703 52 34 519 237 412 434 661
11 20 669 577 964 714 813 440 243 175 211 330
2 143 61
3 41 159 799
9 309 85 93 537 335 72 672 182 730
4 206 847 16 740
0
10 76 942 46 763 172 840 39 927 575 569
15 597 826 970 154 640 466 920 926 61 235 891 689 265 262 786
17 547 799 904 200 269 220 254 636 44 666 118 388 868 216 138 809 148
2 837 153
8 390 234 884 193 649 79 463 424
3 293 984 24
5 607 89 390 985 52
14 175 537 98 573 641 806 183 498 4 26 558 811 88 201
0
12 445 618 199 904 581 473 769 888 984 379 773 872
9 360 123 834 302 29 141 48 566 433
7 191 313 365 77 312 979 19
4 939 984 759 1
10 128 42 831 57 665 876 460 793 184 452
5 506 361 629 438 822
2 918 433
7 512 873 425 38 131 452 610
5 705 949 445 235 330
2 388 202
1 687
8 346 235 842 839 955 403 340 76
10 777 721 72 273 188 704 992 737 746 88
13 168 15 831 845 317 926 424 826 472 7 332 997 310
2 136 23
9 875 741 504 310 603 129 120 228 954
10 372 540 409 23 551 944 137 716 454 973
13 284 308 766 626 260 303 636 659 978 876 444 244 609
16 127 537 940 57 396 441 479 634 898 160 710 355 378 317 579 470
10 184 101 366 464 217 855 59 333 784 836
13 953 741 648 39 658 591 34 674 795 307 184 583 168
16 635 87 956 294 592 90 461 134 674 314 695 584 163 775 317 602
3 700 175 143
6 13 268 430 866 658 927
1 742
4 828 589 318 576
11 94 387 190 237 582 573 626 863 546 693 904
5 730 177 63 81 256
0
4 385 377 386 949
7 383 227 673 936 30 109 223
17 32 205 381 414 543 932 559 795 687 90 163 597 706 93 878 389 375
14 355 340 143 908 383 603 286 385 927 196 28 655 272 706
9 10 216 780 160 709 472 126 876 461
17 772 193 892 804 299 85 976 95 582 97 777 844 357 687 418 92 163
8 901 537 227 375 964 456 178 28
0
5 445 739 578 11 786
17 64 606 492 258 263 296 411 998 372 847 528 828 196 744 37 845 621
10 654 523 363 598 628 333 803 137 350 192
17 806 867 366 872 361 398 525 985 58 770 256 432 951 826 32 521 190
13 346 625 296 420 975 967 78 731 451 270 539 924 174
15 289 356 390 405 247 723 804 97 690 185 678 932 822 704 853
14 419 283 36 18 618 710 688 464 545 942 880 459 958 729
13 942 214 505 338 582 753 598 770 757 172 567 988 943
8 366 659 348 418 363 998 472 608
6 587 680 377 888 774 88
19 609 58 443 276 620 90 735 958 123 254 493 938 771 98 185 497 785 108 853
16 703 220 11 473 147 432 636 252 209 441 905 356 954 782 639 446
0
5 360 692 586 137 842
8 797 800 673 266 644 135 861 669
17 530 947 520 602 674 114 628 387 835 266 42 92 316 411 48 370 135
7 702 168 293 354 370 963 809
3 381 148 623
13 556 108 762 573 175 473 552 817 456 633 148 577 691
13 72 438 344 142 601 464 636 903 604 370 583 820 124
5 976 964 959 763 634
11 781 685 359 39 884 686 295 723 827 484 869
18 270 769 688 651 987 471 359 581 612 966 554 574 841 426 989 575 194 965
5 353 546 856 414 870
15 666 819 296 80 946 563 569 61 133 961 788 267 446 486 282
12 426 676 558 613 869 47 960 317 679 478 618 785
4 489 288 675 852
10 909 482 20 836 655 260 746 102 452 750
19 843 297 712 661 290 867 955 792 384 243 339 824 436 580 785 420 910 866 29
6 371 611 433 480 365 555
2 62 644
14 199 388 927 785 865 149 120 371 136 607 288 855 315 74
15 681 58 104 719 744 638 905 649 925 115 213 571 692 63 263
9 464 484 801 482 549 496 698 928 115
4 205 762 73 1
0
3 915 528 533
9 258 826 886 784 542 392 516 495 490
4 689 358 266 98
18 370 380 139 96 403 82 795 248 843 846 366 688 83 787 379 142 114 123
8 837 275 350 722 395 678 771 583
9 579 446 862 936 988 596 497 218 698
7 618 830 437 964 484 207 433
5 703 843 946 526 898
9 188 340 373 294 331 32 604 758 405
6 607 804 869 250 385 800
4 961 473 330 586
2 11 374
17 983 336 893 64 121 149 404 414 80 299 266 857 775 615 382 965 628
15 361 477 75 734 702 952 535 482 417 792 380 43 997 427 574
9 778 929 510 245 802 614 976 733 65
5 439 211 726 413 736
16 605 3 802 856 234 765 332 723 223 91 468 949 123 274 978 273
13 764 423 466 278 270 122 527 332 409 632 785 946 372
14 556 508 105 645 569 365 651 16 228 246 385 611 84 580
6 175 539 158 296 265 929
9 932 714 481 69 230 683 847 923 115
5 780 601 643 800 926
5 199 139 361 617 854
14 409 768 717 40 63 179 802 251 184 704 838 978 904 482
2 727 437
9 111 900 7 642 770 406 712 437 323
19 60 350 487 103 371 746 363 976 160 519 314 336 163 263 533 959 924 181 155
15 598 239 393 713 309 789 531 264 23 900 720 655 971 352 386
8 599 202 336 584 150 869 1000 353
3 799 191 319
17 170 27 850 514 443 697 607 267 807 812 901 931 874 405 584 918 335
9 521 25 462 114 16 813 67 196 792
3 487 999 214
5 398 641 762 663 702
6 247 333 933 611 499 124
6 204 510 392 483 182 915
5 686 250 923 597 223
11 266 21 76 622 88 694 281 188 693 90 65
9 792 951 83 574 370 63 368 630 550
7 713 934 968 619 816 454 237
18 118 737 45 495 687 685 938 679 447 713 432 403 691 915 952 698 174 666
12 244 803 206 784 331 358 459 61 470 692 242 182
17 272 69 320 484 218 613 250 938 991 371 897 242 309 152 933 615 63
0
11 253 635 205 375 964 15 473 441 156 464 83
11 913 882 98 406 490 201 788 539 118 217 968
6 549 753 172 492 409 80
6 662 448 184 910 450 659
14 334 5 427 121 726 384 808 880 737 8 520 745 72 605
8 372 417 735 620 638 197 409 186
8 117 886 541 345 292 218 94 406
3 43 70 963
1 936
0
4 280 754 672 263
16 6 897 437 959 953 993 5 667 694 47 56 967 494 754 586 602
18 81 575 290 30 167 920 483 179 342 808 606 925 343 809 542 589 648 600
9 113 298 883 300 171 224 709 405 467
1 214
7 607 894 154 679 36 367 234
14 189 981 903 709 664 702 475 925 958 628 994 814 616 464
7 560 692 620 140 352 641 489
14 734 965 204 982 443 318 880 723 929 326 575 716 227 33
10 461 136 3 875 484 235 778 721 243 129
3 124 716 636
9 2 650 995 698 884 159 48 521 214
19 653 443 687 215 649 17 551 805 512 643 89 881 25 103 592 301 438 48 236
13 934 74 879 2 591 866 733 468 12 418 916 271 110
14 74 838 844 459 457 854 398 814 644 200 791 162 169 815
18 432 445 841 775 818 625 631 980 284 485 954 29 231 354 424 269 162 759
17 123 882 324 358 947 633 458 517 505 105 272 727 691 640 948 333 462
5 301 95 530 273 545
0
16 465 671 177 595 42 832 536 164 278 772 705 555 22 820 511 276
14 531 302 524 377 572 629 859 509 564 156 995 958 173 657
3 218 555 600
0
11 378 345 393 931 797 27 117 505 716 518 278
16 758 13 653 410 378 803 777 949 599 329 565 797 503 700 680 145
18 912 125 313 931 17 746 419 368 600 664 704 520 338 496 23 488 26 88
16 28 106 378 329 429 528 886 985 879 128 214 813 416 756 351 807
6 527 607 359 294 979 511
11 810 683 778 903 303 990 864 819 598 701 684
0
15 681 417 644 852 574 145 349 993 827 88 58 900 695 930 694
19 471 224 108 112 626 418 886 503 769 90 165 540 431 124 104 197 850 827 442
10 587 305 564 23 120 908 995 73 175 403
4 571 642 182 937
17 197 809 24 712 618 13 280 688 658 970 428 520 145 485 742 552 739
8 822 203 449 365 342 290 635 569
0
12 25 247 306 83 819 710 779 90 368 369 706 571
17 901 415 905 661 844 177 703 391 634 280 586 516 677 407 195 139 735
15 852 516 443 626 80 468 871 847 565 927 163 394 280 908 379
0
0
10 753 631 349 672 428 131 859 496 289 180
9 508 564 287 256 550 113 546 935 486
13 969 141 593 133 786 442 818 272 4 740 904 55 821
0
2 183 35
6 897 336 185 767 56 564
11 369 8 924 786 80 751 789 581 755 743 867
18 436 194 197 724 679 861 707 792 95 888 979 410 890 697 857 806 399 937
19 533 999 653 388 251 782 719 233 347 538 959 535 358 412 978 783 881 755 234
3 779 455 997
5 960 381 347 478 82
7 139 517 601 618 40 872 238
5 418 422 485 758 29
11 619 614 947 875 61 273 818 195 140 37 23
11 148 231 977 941 445 414 233 693 215 365 877
10 697 804 717 933 499 941 688 380 7 788
19 65 201 737 552 786 420 985 990 395 992 901 182 102 244 614 623 689 925 578
4 44 705 408 587
11 386 950 664 268 41 510 226 432 194 785 850
9 757 735 288 83 1000 249 301 727 694
15 288 484 769 522 662 833 523 76 575 386 432 643 633 841 157
3 26 592 757
11 860 272 475 29 619 621 233 69 612 637 453
16 578 10 607 395 850 100 275 829 802 431 683 542 477 371 446 509
11 586 96 84 409 876 291 907 53 570 985 615
18 826 780 902 415 741 526 62 288 51 268 250 227 735 732 100 282 251 391
11 566 732 444 799 58 274 576 230 970 446 361